读：
	设备出厂日期
		AA 02 03 10 81 55
		55 02 07 15 05 EA 07 B0 88 AA 
			07		- 21	日
			05		- 05	月
			EA 07	- 2026 	年	小端
	设备SN：
		AA 03 03 11 11 55
		55 03 13 53 56 50 5F 32 30 32 36 5F 30 35 32 31 5F 30 30 E1 9E AA  
			53 56 50 5F 32 30 32 36 5F 30 35 32 31 5F 30 30 - (SVP_2026_0521_00)
	挡板距离:
		AA 04 03 13 21 55
		55 04 07 00 00 80 40 CA 71 AA 
			00 00 80 40 - 小端 4.0
	出入水阈值
		AA 05 03 12 B1 55
		55 05 07 32 00 00 00 A5 28 AA 
			32 00 00 00 - 小端 50
	读取TDC系数
		AA 08 03 16 21 55 
		55 08 1B 8B E1 6A 39 BA 6B F9 3E 68 F3 AD 43 00 00 00 00 00 00 00 00 00 00 00 00 82 23 AA 
			8B E1 6A 39	-	小端 A1:0.00024
			BA 6B F9 3E	-	小端 B1:0.48715
			68 F3 AD 43	-	小端 A2:347.9012
			00 00 00 00	-	
			00 00 00 00	-
			00 00 00 00	-
	读取TDC系数范围
		AA 09 03 17 B1 55
		55 09 0B 00 80 A2 44 00 00 C8 44 8A 40 AA 
			44 A2 80 00 - 小端 系数范围第一组上限: 1300
			00 00 C8 44 - 小端 系数范围第二组上线：1600
	读取TDC电压
		AA 0A 03 17 41 55
		55 0A 07 0F 00 00 00 A8 7B AA
			0F 00 00 00 - 小端 15
	读取RTC时间
		AA 1C 03 19 21 55
		55 1C 0B 00 12 28 0E 04 15 05 1A 6B 34 AA 
			00 12 28 0E 04 15 05 1A	小端
			1A - 26 年
			05 - 5 	月
			15 - 21	日
			04 - 星期4
			0E - 14	时
			28 - 40 分
			12 - 18	秒
			0 - 下午
	读取工作模式
		AA 1D 03 18 B1 55
		55 1D 09 00 01 05 00 00 00 AD 3A AA 
			00 01 05 00 00 00
			00 - 自容
			01 - 频率
			05 00 00 00 - 5hz - 200ms
	读取压力系数
		AA 1F 03 19 D1 55
		55 1F 13 00 00 00 00 00 00 80 3F 00 00 00 00 00 00 00 00 E1 1A AA 
			00 00 00 00 - 小端A
			00 00 80 3F - 小端E 1.0
			00 00 00 00 - 小端I
			00 00 00 00 - 小端M
	读取温度系数
		AA 24 03 0A E1 55
		55 24 13 81 3E 81 3F 51 30 A3 3E 00 00 00 00 00 00 00 00 68 9B AA 
			81 3E 81 3F - 小端A 1.00971
			51 30 A3 3E - 小端B 0.31872
			00 00 00 00 - 小端C
			00 00 00 00 - 小端D
	读取SV_SN
		AA 26 03 0B 81 55
		55 26 0B FF FF FF FF FF FF FF FF C5 E8 AA 
			FF FF FF FF FF FF FF FF - 8bit字符数据
	读取压力SN
	读取温度SN
		同上
	读取压力补偿
		AA 2E 03 0C 41 55
		55 2E 0B 00 00 00 00 00 00 00 00 05 86 AA 
			00 00 00 00 
			00 00 00 00
	电池电量
		AA 2B 03 0F 11 55
		55 2B 07 00 00 C8 42 7A 2F AA 
			00 00 C8 42 - 小端 100.00
写：
	设备出厂日期
		AA 0D 07 15 05 EA 07 BF 78 55
			07		- 21
			05		- 05
			EA 07	- 2026
			(20260521)
		55 0D 07 15 05 EA 07 B0 77 AA
	设置设备SN：
		AA 0E 13 53 56 50 5F 32 30 32 36 5F 30 35 32 31 5F 30 30 57 31 55
			53 56 50 5F 32 30 32 36 5F 30 35 32 31 5F 30 30  - (SVP_2026_0521_00)
		55 0E 13 53 56 50 5F 32 30 32 36 5F 30 35 32 31 5F 30 30 73 31 AA  
	设置挡板距离
		AA 0F 07 00 00 80 40 C4 05 55
			00 00 80 40  - 小端 4.0
		55 0F 07 00 00 80 40 CB 0A AA
	出入水阈值
		AA 10 07 32 00 00 00 A8 E2 55
			32 00 00 00 - 小端 50
		55 10 07 32 00 00 00 A7 ED AA 
	设置TCD系数
		AA 13 1B 00 00 80 40 00 00 80 40 00 00 80 40 00 00 80 40 00 00 80 40 00 00 80 40 13 B4 55
			00 00 80 40	-	小端 A1:4.0
			00 00 80 40	-	小端 B1:4.0
			00 00 80 40	-	小端 A2:4.0
			00 00 80 40	-	小端 B2:4.0
			00 00 80 40	-	小端 A3:4.0
			00 00 80 40	-	小端 B3:4.0
		55 13 1B 00 00 80 40 00 00 80 40 00 00 80 40 00 00 80 40 00 00 80 40 00 00 80 40 10 5F AA 
	设置TDC系数应用范围
		AA 14 0B 00 C0 A8 44 00 40 B5 44 48 D2 55
			00 C0 A8 44 - 小端 1350
			00 40 B5 44 - 小端 1450
		55 14 0B 00 C0 A8 44 00 40 B5 44 7B C5 AA 
	设置TDC电压
		AA 15 07 0F 00 00 00 A5 1B 55
			0F 00 00 00 - 小端 15
		AA 15 07 19 00 00 00 8E 12 55
		55 15 07 0F 00 00 00 AA 14 AA
	设置RTC时间
		AA 16 0B 00 12 28 0E 04 15 05 1A 78 03 55
			00 12 28 0E 04 15 05 1A	小端
			1A - 26 年
			05 - 5 	月
			15 - 21	日
			04 - 星期4
			0E - 14	时
			28 - 40 分
			12 - 18	秒
			0 - 下午
		55 16 0B 00 12 28 0E 04 15 05 1A 4B 14 AA
	设置工作模式
		AA 1B 09 01 00 05 00 00 00 54 F5 55
			01 00 05 00 00 00
			01 - 直读
			00 - 正常数据
			05 00 00 00 - 5hz
		55 1B 09 01 00 05 00 00 00 11 01 AA
			
		AA 1B 09 00 01 05 00 00 00 68 E4 55
			00 01 05 00 00 00
			00 - 自容
			01 - 频率
			05 00 00 00 - 5hz - 200ms
		55 1B 09 00 01 05 00 00 00 2D 10 AA
	设置压力系数
		AA 1E 13 00 00 80 3F 00 00 80 3F 00 00 80 3F 00 00 80 3F 6A 4C 55
			00 00 80 3F - 小端A 1.0
			00 00 80 3F - 小端E 1.0
			00 00 80 3F - 小端I 1.0
			00 00 80 3F - 小端M 1.0
		55 1E 13 00 00 80 3F 00 00 80 3F 00 00 80 3F 00 00 80 3F 4E 4C AA 
	设置温度系数
		AA 23 13 00 00 00 00 00 00 00 00 00 00 00 00 00 00 00 00 1B 5F 55
			00 00 00 00 - 小端A 
			00 00 00 00 - 小端B 
			00 00 00 00 - 小端C
			00 00 00 00 - 小端D
		55 23 13 00 00 00 00 00 00 00 00 00 00 00 00 00 00 00 00 3F 5F AA 
	设置SV_SN
		AA 25 0B 35 35 35 35 35 35 35 35 A0 78 55
			35 35 35 35 35 35 35 35 - "5555555"
		55 25 0B 35 35 35 35 35 35 35 35 93 6F AA 
	设置压力SN
	设置温度SN
		同上
	设置压力精度补偿
		AA 29 0B 00 00 80 3F 00 00 80 3F AD 5E 55
			00 00 80 3F - 小端 1.0
			00 00 80 3F - 小端 1.0 
		55 29 0B 00 00 80 3F 00 00 80 3F 9E 49 AA 
	开始输出
		AA 20 03 08 21 55
		55 20 03 38 11 AA 
	取消输出
		AA 21 03 09 B1 55
		55 21 03 39 81 AA 
	更新固件
		..
	恢复出厂设置
		AA 22 03 09 41 55
		55 22 03 39 71 AA
	设备连接
		AA 2F 03 0D D1 55
		55 2F 03 3D E1 AA

文件操作(验证部分CRC可能不准确)
	读取系统文件
		AA 17 03 00 91 08 55
		55 17 7A 00 05 00 00 00 32 30 32 36 30 35 30 37 5F 31 30 34 34 32 33 2E 74 78 74 A0 09 00 00 32 30 32 36 30 35 30 37 5F 31 30 34 34 34 36 2E 74 78 74 50 29 00 00 32 30 32 36 30 35 30 37 5F 31 30 34 35 34 36 2E 74 78 74 20 38 00 00 32 30 32 36 30 35 30 37 5F 31 32 34 38 33 35 2E 74 78 74 10 93 00 00 32 30 32 36 30 35 30 37 5F 31 32 35 33 33 30 2E 74 78 74 40 51 00 00 9B 5A AA
			05 00 00 00 - 共计5个文件
			32 30 32 36 30 35 30 37 5F 31 30 34 34 32 33 2E 74 78 74 - 20260507_104423.txt
			A0 09 00 00 - 小端 第一个文件大小 2464字节
			32 30 32 36 30 35 30 37 5F 31 30 34 34 34 36 2E 74 78 74 - 20260507_104446.txt
			50 29 00 00 - 小端 第二个文件大小 10576字节
			...
		//超过100个文件之后分包发送- 这里用超过2包模拟
		AA 17 03 00 91 08 55
		55 17 35 00 02 00 00 00 32 30 32 36 30 35 30 37 5F 31 30 34 34 32 33 2E 74 78 74 A0 09 00 00 32 30 32 36 30 35 30 37 5F 31 30 34 34 34 36 2E 74 78 74 50 29 00 00 E3 B5 AA 
			02 00 00 00 - 共计2个文件
			32 30 32 36 30 35 30 37 5F 31 30 34 34 32 33 2E 74 78 74 - 20260507_104423.txt
			A0 09 00 00 - 小端 第一个文件大小 2464字节
			32 30 32 36 30 35 30 37 5F 31 30 34 34 34 36 2E 74 78 74 - 20260507_104446.txt
			50 29 00 00 - 小端 第二个文件大小 10576字节
		55 17 35 00 
			02 00 00 00 
			32 30 32 36 30 35 30 37 5F 31 30 34 35 34 36 2E 74 78 74 
			20 38 00 00 
			32 30 32 36 30 35 30 37 5F 31 32 34 38 33 35 2E 74 78 74 
			10 93 00 00 
			71 4C AA 
		55 17 1E 00 
			01 00 00 00 
			32 30 32 36 30 35 30 37 5F 31 32 35 33 33 30 2E 74 78 74 
			40 51 00 00 
			94 75 AA 
			
	文件下载操作
		AA 18 16 00 32 30 32 36 30 35 30 37 5F 31 30 34 34 32 33 2E 74 78 74 68 3E 55
			32 30 32 36 30 35 30 37 5F 31 30 34 34 32 33 2E 74 78 74 - 20260507_104423.txt
		55 18 07 00 03 00 00 00 70 2F 00 58 1D AA 
			03 00 00 00 - 小端 需要三包
		AA 18 07 00 01 00 00 00 52 BA 55	下载第一包
		55 18 0B 04 00 00 00 00 00 04 00 00 5B 48 65 61 64 65 72 5D 0D 0A 44 61 74 61 3D 32 30 32 36 2D 35 2D 37 0D 0A 54 69 6D 65 3D 31 30 3A 34 34 3A 32 33 0D 0A 4D 6F 64 65 6C 3D 30 28 31 3A 44 65 70 74 68 2C 30 3A 46 72 65 71 29 0D 0A 53 61 6D 70 6C 69 6E 67 56 61 6C 75 65 3D 35 2E 30 30 30 30 30 30 2F 35 0D 0A 46 57 3D 32 30 32 36 30 34 30 33 0D 0A 53 65 72 69 61 6C 4E 75 6D 62 65 72 3D 32 30 32 36 5F 30 34 5F 31 36 5F 30 30 30 30 31 0D 0A 54 6F 74 73 6C 4D 72 6D 6F 72 79 3D 31 32 38 4D 42 0D 0A 4D 65 6D 6F 72 79 46 72 65 65 3D 31 33 30 39 34 34 4B 42 0D 0A 43 75 72 72 65 6E 74 50 6F 77 65 72 3D 31 30 30 2E 30 30 25 0D 0A 56 6F 6C 74 61 67 65 3D 38 2E 34 35 0D 0A 43 75 72 72 65 6E 74 3D 2D 30 2E 34 30 0D 0A 5B 54 65 6D 70 65 72 61 74 75 72 65 5D 0D 0A 54 5F 43 4F 45 5F 41 3D 31 2E 30 30 39 37 32 30 0D 0A 54 5F 43 4F 45 5F 42 3D 30 2E 33 31 38 37 32 38 0D 0A 54 5F 43 4F 45 5F 43 3D 30 2E 30 30 30 30 30 30 0D 0A 54 5F 43 4F 45 5F 44 3D 30 2E 30 30 30 30 30 30 0D 0A 54 5F 53 65 6E 73 6F 72 4E 55 4D 3D FF FF FF FF FF FF FF FF 0D 0A 5B 53 6F 75 6E 64 56 65 6C 6F 63 69 74 79 5D 0D 0A 53 56 5F 50 4C 3D 34 2E 30 30 30 30 30 30 0D 0A 53 56 5F 49 57 54 3D 35 30 0D 0A 53 56 5F 43 4F 45 5F 41 31 3D 30 2E 30 30 30 32 32 34 2C 42 31 3D 30 2E 34 38 37 31 35 30 0D 0A 53 56 5F 43 4F 45 5F 41 32 3D 33 34 37 2E 39 30 31 36 31 31 2C 42 32 3D 30 2E 30 30 30 30 30 30 0D 0A 53 56 5F 43 4F 45 5F 41 33 3D 30 2E 30 30 30 30 30 30 2C 42 33 3D 30 2E 30 30 30 30 30 30 0D 0A 53 56 5F 4D 52 3D 30 2E 30 2D 31 33 30 30 2E 30 30 30 30 30 30 2D 31 36 30 30 2E 30 30 30 30 30 30 2D 32 30 30 30 6D 2F 73 0D 0A 53 56 5F 46 57 56 3D 31 35 0D 0A 53 56 5F 53 65 6E 73 6F 72 4E 55 4D 3D FF FF FF FF FF FF FF FF 0D 0A 5B 44 65 70 74 68 5D 0D 0A 44 5F 43 4F 45 5F 41 3D 30 2E 30 30 30 30 30 30 0D 0A 44 5F 43 4F 45 5F 45 3D 31 2E 30 30 30 30 30 30 0D 0A 44 5F 43 4F 45 5F 49 3D 30 2E 30 30 30 30 30 30 0D 0A 44 5F 43 4F 45 5F 4D 3D 30 2E 30 30 30 30 30 30 0D 0A 44 5F 53 65 6E 73 6F 72 4E 55 4D 3D FF FF FF FF FF FF FF FF 0D 0A 5B 45 4E 44 5D 0D 0A 0D 0A 4F 75 74 70 75 74 20 46 6F 72 6D 61 74 3A 0D 0A 20 20 20 44 61 74 61 20 54 69 6D 65 20 53 56 2C 44 65 70 74 68 2C 54 65 6D 70 65 72 61 74 75 72 65 0D 0A 20 20 20 20 20 20 20 20 20 20 20 20 20 20 20 20 20 20 20 20 20 20 20 20 20 20 20 20 20 20 20 20 20 20 20 20 20 20 20 20 20 20 20 20 20 20 20 20 20 20 20 20 20 20 20 20 20 20 20 20 20 20 20 20 20 20 20 20 20 20 20 20 20 20 20 20 20 20 20 20 20 20 20 20 20 20 20 20 20 20 20 20 20 20 20 20 20 20 20 20 20 20 20 20 20 20 20 20 20 20 20 20 20 20 20 20 20 20 20 20 20 20 20 20 20 20 20 20 20 20 20 20 20 20 20 20 20 20 20 20 20 20 20 20 20 20 20 20 20 20 20 20 20 20 20 20 20 20 20 20 20 20 20 20 20 20 20 20 20 20 20 20 20 20 20 20 20 20 20 20 20 20 20 20 20 20 20 20 20 20 20 20 20 20 20 20 20 20 20 20 20 20 20 20 20 20 20 20 20 20 20 20 20 20 20 20 20 20 20 20 20 20 20 20 20 20 20 20 20 20 20 20 20 20 20 20 20 20 20 20 20 20 20 20 20 20 20 20 20 20 20 20 20 20 20 20 20 20 20 20 20 20 20 20 20 20 20 20 20 20 20 20 20 20 20 20 20 20 20 20 20 20 20 20 20 20 20 20 20 20 20 20 20 20 20 20 20 20 20 20 20 20 20 20 20 0D 0A 74 2F 00 5E F8 AA 
			0B 04 - 小端 1035字节(包号4+有效数据长度4+1024内容+CRC2+尾1=1035)
			00 00 00 00 - 小端 包号
			00 04 00 00 - 小端 有效字节数1024
			... - 1024字节内容
		AA 18 07 00 01 00 00 00 52 46 55	下载第二包
		55 18 0B 04 01 00 00 00 00 04 00 00 32 30 32 36 2F 30 35 2F 30 37 20 31 30 3A 34 34 3A 32 33 2C 31 33 37 31 2E 36 38 35 2C 20 20 20 30 2E 30 34 31 2C 20 20 32 32 2E 36 30 39 0D 0A 32 30 32 36 2F 30 35 2F 30 37 20 31 30 3A 34 34 3A 32 33 2C 31 33 37 31 2E 36 38 35 2C 20 20 20 30 2E 30 36 39 2C 20 20 32 32 2E 35 31 32 0D 0A 32 30 32 36 2F 30 35 2F 30 37 20 31 30 3A 34 34 3A 32 34 2C 31 34 35 38 2E 34 34 31 2C 20 20 20 30 2E 30 34 34 2C 20 20 32 32 2E 34 38 31 0D 0A 32 30 32 36 2F 30 35 2F 30 37 20 31 30 3A 34 34 3A 32 34 2C 31 34 35 38 2E 34 35 38 2C 20 20 20 30 2E 30 34 34 2C 20 20 32 32 2E 34 34 39 0D 0A 32 30 32 36 2F 30 35 2F 30 37 20 31 30 3A 34 34 3A 32 34 2C 31 34 35 38 2E 34 30 33 2C 20 20 20 30 2E 30 35 32 2C 20 20 32 32 2E 34 32 32 0D 0A 32 30 32 36 2F 30 35 2F 30 37 20 31 30 3A 34 34 3A 32 34 2C 31 34 35 38 2E 33 38 34 2C 20 20 20 30 2E 30 31 39 2C 20 20 32 32 2E 33 39 31 0D 0A 32 30 32 36 2F 30 35 2F 30 37 20 31 30 3A 34 34 3A 32 34 2C 31 34 35 38 2E 33 31 32 2C 20 20 20 30 2E 30 33 32 2C 20 20 32 32 2E 33 36 30 0D 0A 32 30 32 36 2F 30 35 2F 30 37 20 31 30 3A 34 34 3A 32 35 2C 31 34 35 38 2E 33 36 30 2C 20 20 20 30 2E 30 31 35 2C 20 20 32 32 2E 33 33 31 0D 0A 32 30 32 36 2F 30 35 2F 30 37 20 31 30 3A 34 34 3A 32 35 2C 31 34 35 38 2E 33 32 34 2C 20 20 20 30 2E 30 35 31 2C 20 20 32 32 2E 33 30 33 0D 0A 32 30 32 36 2F 30 35 2F 30 37 20 31 30 3A 34 34 3A 32 35 2C 31 34 35 38 2E 33 30 30 2C 20 20 20 30 2E 30 38 35 2C 20 20 32 32 2E 32 37 36 0D 0A 32 30 32 36 2F 30 35 2F 30 37 20 31 30 3A 34 34 3A 32 35 2C 31 34 35 38 2E 33 30 33 2C 20 20 20 30 2E 30 32 31 2C 20 20 32 32 2E 32 35 30 0D 0A 32 30 32 36 2F 30 35 2F 30 37 20 31 30 3A 34 34 3A 32 35 2C 31 34 35 38 2E 32 39 30 2C 20 20 20 30 2E 30 34 31 2C 20 20 32 32 2E 32 32 33 0D 0A 32 30 32 36 2F 30 35 2F 30 37 20 31 30 3A 34 34 3A 32 36 2C 31 34 35 38 2E 32 34 39 2C 20 20 20 30 2E 30 31 36 2C 20 20 32 32 2E 31 39 36 0D 0A 32 30 32 36 2F 30 35 2F 30 37 20 31 30 3A 34 34 3A 32 36 2C 31 34 35 38 2E 31 39 34 2C 20 20 20 30 2E 30 36 33 2C 20 20 32 32 2E 31 37 30 0D 0A 32 30 32 36 2F 30 35 2F 30 37 20 31 30 3A 34 34 3A 32 36 2C 31 34 35 38 2E 32 32 33 2C 20 20 20 30 2E 30 33 32 2C 20 20 32 32 2E 31 34 35 0D 0A 32 30 32 36 2F 30 35 2F 30 37 20 31 30 3A 34 34 3A 32 36 2C 31 34 35 38 2E 32 30 36 2C 20 20 20 30 2E 30 32 34 2C 20 20 32 32 2E 31 32 31 0D 0A 32 30 32 36 2F 30 35 2F 30 37 20 31 30 3A 34 34 3A 32 36 2C 31 34 35 38 2E 32 30 34 2C 20 20 20 30 2E 30 34 39 2C 20 20 32 32 2E 30 39 34 0D 0A 32 30 32 36 2F 30 35 2F 30 37 20 31 30 3A 34 34 3A 32 37 2C 31 34 35 38 2E 32 32 37 2C 20 20 20 30 2E 30 30 33 2C 20 20 32 32 2E 30 37 32 0D 0A 32 30 32 36 2F 30 35 2F 30 37 20 31 30 3A 34 34 3A 32 37 2C 31 34 35 38 2E 32 30 35 2C 20 20 2D 30 2E 30 33 32 2C 20 20 32 32 2E 30 35 31 0D 0A 32 30 32 36 2F 30 35 2F 30 37 20 31 30 3A 34 34 3A 32 37 2C 31 34 35 38 2E 32 30 35 2C 20 20 2D 30 2E 30 32 39 2C 20 20 32 32 2E 30 33 31 0D 0A 32 30 32 36 2F 30 35 2F 30 37 20 31 30 3A 34 34 3A 32 37 2C 31 34 35 38 2E 32 30 35 2C 20 20 2D 30 2E 30 30 39 2C 20 20 32 32 2E 30 31 30 0D 0A 32 30 32 36 2F 30 35 2F 30 37 20 31 30 3A 34 34 74 2F 00 B3 EA AA 
			0B 04 - 小端 1035字节(包号4+有效数据长度4+1024内容+CRC2+尾1=1035)
			01 00 00 00 - 小端 包号
			00 04 00 00 - 小端 有效字节数1024
			... - 1024字节内容
		AA 18 07 00 02 00 00 00 52 02 55	下载第三包
		55 18 AB 01 02 00 00 00 A0 01 00 00 3A 32 37 2C 31 34 35 38 2E 32 30 35 2C 20 20 2D 30 2E 30 30 31 2C 20 20 32 31 2E 39 39 32 0D 0A 32 30 32 36 2F 30 35 2F 30 37 20 31 30 3A 34 34 3A 32 38 2C 31 34 35 38 2E 32 30 35 2C 20 20 2D 30 2E 30 30 33 2C 20 20 32 31 2E 39 37 34 0D 0A 32 30 32 36 2F 30 35 2F 30 37 20 31 30 3A 34 34 3A 32 38 2C 31 34 35 38 2E 32 30 35 2C 20 20 20 30 2E 30 31 35 2C 20 20 32 31 2E 39 36 30 0D 0A 32 30 32 36 2F 30 35 2F 30 37 20 31 30 3A 34 34 3A 32 38 2C 31 34 35 38 2E 32 30 35 2C 20 20 20 30 2E 30 33 32 2C 20 20 32 31 2E 39 34 37 0D 0A 32 30 32 36 2F 30 35 2F 30 37 20 31 30 3A 34 34 3A 32 38 2C 31 34 35 38 2E 32 30 35 2C 20 20 2D 30 2E 30 33 35 2C 20 20 32 31 2E 39 33 35 0D 0A 32 30 32 36 2F 30 35 2F 30 37 20 31 30 3A 34 34 3A 32 38 2C 31 34 35 38 2E 32 30 35 2C 20 20 2D 30 2E 30 34 32 2C 20 20 32 31 2E 39 32 36 0D 0A 32 30 32 36 2F 30 35 2F 30 37 20 31 30 3A 34 34 3A 32 39 2C 31 34 35 38 2E 32 30 35 2C 20 20 2D 30 2E 30 31 32 2C 20 20 32 31 2E 39 32 30 0D 0A 32 30 32 36 2F 30 35 2F 30 37 20 31 30 3A 34 34 3A 32 39 2C 31 34 35 38 2E 32 30 35 2C 20 20 2D 30 2E 30 32 39 2C 20 20 32 31 2E 39 31 34 0D 0A 32 30 32 36 2F 30 35 2F 30 37 20 31 30 3A 34 34 3A 32 39 2C 31 34 35 38 2E 32 30 35 2C 20 20 20 30 2E 30 30 38 2C 20 20 32 31 2E 39 30 37 0D 0A 95 3B 01 CB 17 AA 
			AB 01 - 小端 442字节(包号4+有效数据长度4+内容+CRC2+尾1=442)
			02 00 00 00 - 小端 包号
			A0 01 00 00 - 小端 有效字节数416
			... - 416字节内容
		AA 18 04 00 01 BA B9 55	重发
		55 18 AB 01 02 00 00 00 A0 01 00 00 3A 32 37 2C 31 34 35 38 2E 32 30 35 2C 20 20 2D 30 2E 30 30 31 2C 20 20 32 31 2E 39 39 32 0D 0A 32 30 32 36 2F 30 35 2F 30 37 20 31 30 3A 34 34 3A 32 38 2C 31 34 35 38 2E 32 30 35 2C 20 20 2D 30 2E 30 30 33 2C 20 20 32 31 2E 39 37 34 0D 0A 32 30 32 36 2F 30 35 2F 30 37 20 31 30 3A 34 34 3A 32 38 2C 31 34 35 38 2E 32 30 35 2C 20 20 20 30 2E 30 31 35 2C 20 20 32 31 2E 39 36 30 0D 0A 32 30 32 36 2F 30 35 2F 30 37 20 31 30 3A 34 34 3A 32 38 2C 31 34 35 38 2E 32 30 35 2C 20 20 20 30 2E 30 33 32 2C 20 20 32 31 2E 39 34 37 0D 0A 32 30 32 36 2F 30 35 2F 30 37 20 31 30 3A 34 34 3A 32 38 2C 31 34 35 38 2E 32 30 35 2C 20 20 2D 30 2E 30 33 35 2C 20 20 32 31 2E 39 33 35 0D 0A 32 30 32 36 2F 30 35 2F 30 37 20 31 30 3A 34 34 3A 32 38 2C 31 34 35 38 2E 32 30 35 2C 20 20 2D 30 2E 30 34 32 2C 20 20 32 31 2E 39 32 36 0D 0A 32 30 32 36 2F 30 35 2F 30 37 20 31 30 3A 34 34 3A 32 39 2C 31 34 35 38 2E 32 30 35 2C 20 20 2D 30 2E 30 31 32 2C 20 20 32 31 2E 39 32 30 0D 0A 32 30 32 36 2F 30 35 2F 30 37 20 31 30 3A 34 34 3A 32 39 2C 31 34 35 38 2E 32 30 35 2C 20 20 2D 30 2E 30 32 39 2C 20 20 32 31 2E 39 31 34 0D 0A 32 30 32 36 2F 30 35 2F 30 37 20 31 30 3A 34 34 3A 32 39 2C 31 34 35 38 2E 32 30 35 2C 20 20 20 30 2E 30 30 38 2C 20 20 32 31 2E 39 30 37 0D 0A 2C 00 00 CB 17 AA 
		AA 18 04 00 FF 3B 39 55	下载完成

	文件删除
		20260507_125907.txt
		AA 19 16 00 32 30 32 36 30 35 30 37 5F 31 32 35 35 33 38 2E 74 78 74 D4 8E 55
		55 19 16 00 32 30 32 36 30 35 30 37 5F 31 32 35 35 33 38 2E 74 78 74 DE 7E AA 






	AA 18 16 00 32 30 32 36 30 38 32 37 5F 31 34 32 36 33 34 2E 74 78 74 46 8A 55
	55 18 07 00 90 04 00 00 70 7F AA  - 1168

	0 1 2 3 .... 1168
	AA 18 07 00 00 00 00 00 53 BA 55

	AA 18 07 00 01 00 00 00 52 46 55

	AA 18 07 00 02 00 00 00 52 02 55

	AA 18 07 00 03 00 00 00 53 FE 55

	AA 18 07 00 00 00 00 00 53 BA 55

	AA 18 07 00 00 00 00 00 53 BA 55

	AA 18 07 00 00 00 00 00 53 BA 55

	AA 18 07 00 00 00 00 00 53 BA 55

	AA 18 07 00 00 00 00 00 53 BA 55

